[Settings]
WindowX=0
WindowY=0
WindowWidth=1920
WindowHeight=1009
WindowMaximized=1
SetDefaults=1
Effect=1
ShowFog=1
Wireframe=0
Flat=0
ShowFPS=1
Letterbox=0
CameraAngle=80.000000 268.129517 0.000000
CameraPosition=0.000000 0.000000 0.000000
