[Settings]
WindowX=0
WindowY=0
WindowWidth=1264
WindowHeight=931
WindowMaximized=0
SetDefaults=1
Effect=1
ShowFog=1
Wireframe=0
Flat=0
ShowFPS=1
Letterbox=0
CameraAngle=42.500000 203.629517 0.000000
CameraPosition=0.000000 0.000000 0.000000
